%YAML:1.0
---
camera_matrix: !!opencv-matrix
   rows: 3
   cols: 3
   dt: d
   data: [ 3.0434907840374234e+02, 0., 4.8133979392511606e+02, 0.,
       3.2477726176795460e+02, 3.1646476882040702e+02, 0., 0., 1. ]
dist_coeffs: !!opencv-matrix
   rows: 4
   cols: 1
   dt: d
   data: [ -4.1568299226312187e-02, 3.1480645089822291e-03,
       -2.3982702848139551e-03, 2.3821781880039081e-05 ]
project_matrix: !!opencv-matrix
   rows: 3
   cols: 3
   dt: d
   data: [ -9.2200057191607354e-01, -6.5631058510509330e+00,
       1.4843949049781593e+03, 2.4170770963058916e-01,
       -7.1018167024621661e+00, 1.4077437040612613e+03,
       2.9766652573093750e-04, -7.1934305980711662e-03, 1. ]
scale_xy: !!opencv-matrix
   rows: 2
   cols: 1
   dt: f
   data: [ 8.00000012e-01, 1. ]
shift_xy: !!opencv-matrix
   rows: 2
   cols: 1
   dt: f
   data: [ 150., 0. ]
align_project_matrix: !!opencv-matrix
   rows: 3
   cols: 3
   dt: f
   data: [ 2.52042353e-01, -5.96205771e-01, 2.51946121e+02,
       -4.24221307e-02, -6.98992312e-01, 8.14525757e+02, -4.24221325e-05,
       -1.03019632e-03, 1. ]
