%YAML:1.0
---
camera_matrix: !!opencv-matrix
   rows: 3
   cols: 3
   dt: d
   data: [ 3.0245305983229298e+02, 0., 4.9664001463163459e+02, 0.,
       3.2074618594392325e+02, 3.3119980984361649e+02, 0., 0., 1. ]
dist_coeffs: !!opencv-matrix
   rows: 4
   cols: 1
   dt: d
   data: [ -4.3735601598704078e-02, 2.1692522970939803e-02,
       -2.6388839028513571e-02, 8.4123126605702321e-03 ]
project_matrix: !!opencv-matrix
   rows: 3
   cols: 3
   dt: d
   data: [ -8.5514489308163932e-01, -3.7973961558304827e+00,
       9.8930677936120480e+02, -4.2753201286420534e-01,
       -3.8833607694951358e+00, 9.3735256546036840e+02,
       -5.1355296643976699e-04, -4.5177998494505267e-03, 1. ]
scale_xy: !!opencv-matrix
   rows: 2
   cols: 1
   dt: f
   data: [ 6.99999988e-01, 8.00000012e-01 ]
shift_xy: !!opencv-matrix
   rows: 2
   cols: 1
   dt: f
   data: [ -350., 0. ]
align_project_matrix: !!opencv-matrix
   rows: 3
   cols: 3
   dt: f
   data: [ 1.92155409e+00, 5.29593349e-01, -2.29472015e+02,
       7.61175215e-01, 3.90158963e+00, -5.09339600e+02, 5.94306388e-04,
       1.94366206e-03, 1. ]
