%YAML:1.0
---
camera_matrix: !!opencv-matrix
   rows: 3
   cols: 3
   dt: d
   data: [ 3.0334009006384287e+02, 0., 4.8649280066241465e+02, 0.,
       3.2229678244636966e+02, 3.2388095214561167e+02, 0., 0., 1. ]
dist_coeffs: !!opencv-matrix
   rows: 4
   cols: 1
   dt: d
   data: [ -3.5510560636666778e-02, -1.9848228876245811e-02,
       2.6080053057044101e-02, -9.7183762742328750e-03 ]
project_matrix: !!opencv-matrix
   rows: 3
   cols: 3
   dt: d
   data: [ -2.3065872391996649e+01, -8.7654099725380519e+01,
       1.6791319182437644e+04, -4.8645702432943100e-01,
       -6.7466669110221773e+01, 6.6216595937590391e+03,
       1.3375696034614310e-03, -7.3887554993830803e-02, 1. ]
scale_xy: !!opencv-matrix
   rows: 2
   cols: 1
   dt: f
   data: [ 4.00000006e-01, 8.00000012e-01 ]
shift_xy: !!opencv-matrix
   rows: 2
   cols: 1
   dt: f
   data: [ 300., 0. ]
align_project_matrix: !!opencv-matrix
   rows: 3
   cols: 3
   dt: f
   data: [ 2.88875610e-01, -1.21292971e-01, 8.88576660e+01,
       -5.02086096e-02, -2.51567006e-01, 7.65868530e+02, -6.55115073e-05,
       -6.08445203e-04, 1. ]
