%YAML:1.0
---
camera_matrix: !!opencv-matrix
   rows: 3
   cols: 3
   dt: d
   data: [ 3.0290778983957682e+02, 0., 4.5799765697290070e+02, 0.,
       3.2250139109237318e+02, 3.1001321001054703e+02, 0., 0., 1. ]
dist_coeffs: !!opencv-matrix
   rows: 4
   cols: 1
   dt: d
   data: [ -4.1177772399310822e-02, 4.6179881138489094e-03,
       -4.4499171471619296e-03, 8.2316738506075550e-04 ]
project_matrix: !!opencv-matrix
   rows: 3
   cols: 3
   dt: d
   data: [ 3.3381204529832891e+00, 1.1437615244216881e+01,
       -1.0958401814598619e+03, -9.7182473740879749e-01,
       1.0586784177180370e+01, 2.6921658595980926e+01,
       -1.2260715116338191e-03, 1.1627626996288732e-02, 1. ]
scale_xy: !!opencv-matrix
   rows: 2
   cols: 1
   dt: f
   data: [ 4.00000006e-01, 1. ]
shift_xy: !!opencv-matrix
   rows: 2
   cols: 1
   dt: f
   data: [ 0., 0. ]
align_project_matrix: !!opencv-matrix
   rows: 3
   cols: 3
   dt: f
   data: [ 3.29247594e-01, -6.02474809e-01, 2.67585724e+02,
       -3.11805122e-02, -3.90037000e-01, 7.89087463e+02, -2.46888012e-05,
       -7.56208843e-04, 1. ]
