%YAML:1.0
---
camera_matrix: !!opencv-matrix
   rows: 3
   cols: 3
   dt: d
   data: [ 234.19214820802082, 0., 330.2131453094002, 0.,
       234.88627426218028, 220.07583576776352, 0., 0., 1. ]
new_camera_matrix: !!opencv-matrix
   rows: 3
   cols: 3
   dt: d
   data: [ 234.19214820802082, 0., 928.72447118268803, 0.,
       234.88627426218028, 320.94392716132182, 0., 0., 1. ]
dist_coeffs: !!opencv-matrix
   rows: 4
   cols: 1
   dt: d
   data: [ -0.026475620545812914, -0.041511441232627656,
       0.031247076864209199, -0.0081822618549196348 ]
project_matrix: !!opencv-matrix
   rows: 3
   cols: 3
   dt: d
   data: [ -0.92200057191607354, -6.563105851050933, 1484.3949049781593,
       0.24170770963058916, -7.1018167024621661, 1407.7437040612613,
       0.0002976665257309375, -0.0071934305980711662, 1. ]
scale_xy: !!opencv-matrix
   rows: 2
   cols: 1
   dt: f
   data: [ 0.800000012, 1. ]
shift_xy: !!opencv-matrix
   rows: 2
   cols: 1
   dt: f
   data: [ 0., 0. ]
align_project_matrix: !!opencv-matrix
   rows: 3
   cols: 3
   dt: f
   data: [ 0.547359943, -0.28112337, 355.465424, 0.00933504105,
       0.492869526, 135.88916, -3.57520803e-05, -0.000347606983, 1. ]
spherical_camera_matrix: !!opencv-matrix
   rows: 3
   cols: 3
   dt: f
   data: [ 238., 0., 900., 0., 238., 350., 0., 0., 1. ]
