%YAML:1.0
---
camera_matrix: !!opencv-matrix
   rows: 3
   cols: 3
   dt: d
   data: [ 2.3419214820802082e+02, 0., 3.3021314530940020e+02, 0.,
       2.3488627426218028e+02, 2.2007583576776352e+02, 0., 0., 1. ]
new_camera_matrix: !!opencv-matrix
   rows: 3
   cols: 3
   dt: d
   data: [ 2.3419214820802082e+02, 0., 9.2872447118268803e+02, 0.,
       2.3488627426218028e+02, 3.2094392716132182e+02, 0., 0., 1. ]
dist_coeffs: !!opencv-matrix
   rows: 4
   cols: 1
   dt: d
   data: [ -2.6475620545812914e-02, -4.1511441232627656e-02,
       3.1247076864209199e-02, -8.1822618549196348e-03 ]
project_matrix: !!opencv-matrix
   rows: 3
   cols: 3
   dt: d
   data: [ -9.2200057191607354e-01, -6.5631058510509330e+00,
       1.4843949049781593e+03, 2.4170770963058916e-01,
       -7.1018167024621661e+00, 1.4077437040612613e+03,
       2.9766652573093750e-04, -7.1934305980711662e-03, 1. ]
scale_xy: !!opencv-matrix
   rows: 2
   cols: 1
   dt: f
   data: [ 8.00000012e-01, 1. ]
shift_xy: !!opencv-matrix
   rows: 2
   cols: 1
   dt: f
   data: [ 0., 0. ]
align_project_matrix: !!opencv-matrix
   rows: 3
   cols: 3
   dt: f
   data: [ 1.00588048e+00, 5.71595013e-01, 9.54342575e+01,
       6.33253977e-02, 1.17701972e+00, 3.51757851e+01, 1.35349619e-04,
       6.91278139e-04, 1. ]
spherical_camera_matrix: !!opencv-matrix
   rows: 3
   cols: 3
   dt: f
   data: [ 238., 0., 900., 0., 238., 350., 0., 0., 1. ]
