%YAML:1.0
---
camera_matrix: !!opencv-matrix
   rows: 3
   cols: 3
   dt: d
   data: [ 2.3847590633635744e+02, 0., 3.1419775060360803e+02, 0.,
       2.3904231583289365e+02, 2.1753730658463778e+02, 0., 0., 1. ]
new_camera_matrix: !!opencv-matrix
   rows: 3
   cols: 3
   dt: d
   data: [ 2.3847590633635744e+02, 0., 8.8368117357264759e+02, 0.,
       2.3904231583289365e+02, 3.1724190543593011e+02, 0., 0., 1. ]
dist_coeffs: !!opencv-matrix
   rows: 4
   cols: 1
   dt: d
   data: [ -4.2394617478909505e-02, -4.9477947364606604e-04,
       -3.0859710338857842e-03, 5.7283754022404625e-04 ]
project_matrix: !!opencv-matrix
   rows: 3
   cols: 3
   dt: d
   data: [ -8.5514489308163932e-01, -3.7973961558304827e+00,
       9.8930677936120480e+02, -4.2753201286420534e-01,
       -3.8833607694951358e+00, 9.3735256546036840e+02,
       -5.1355296643976699e-04, -4.5177998494505267e-03, 1. ]
scale_xy: !!opencv-matrix
   rows: 2
   cols: 1
   dt: f
   data: [ 6.99999988e-01, 8.00000012e-01 ]
shift_xy: !!opencv-matrix
   rows: 2
   cols: 1
   dt: f
   data: [ 0., 0. ]
align_project_matrix: !!opencv-matrix
   rows: 3
   cols: 3
   dt: f
   data: [ 6.45776093e-01, -5.04721366e-02, 1.96578400e+02,
       -9.32598636e-02, 6.94711983e-01, 1.60845062e+02, -1.65250953e-04,
       -1.03946295e-04, 1. ]
spherical_camera_matrix: !!opencv-matrix
   rows: 3
   cols: 3
   dt: f
   data: [ 238., 0., 900., 0., 238., 350., 0., 0., 1. ]
