%YAML:1.0
---
camera_matrix: !!opencv-matrix
   rows: 3
   cols: 3
   dt: d
   data: [ 238.47590633635744, 0., 314.19775060360803, 0.,
       239.04231583289365, 217.53730658463778, 0., 0., 1. ]
new_camera_matrix: !!opencv-matrix
   rows: 3
   cols: 3
   dt: d
   data: [ 238.47590633635744, 0., 883.68117357264759, 0.,
       239.04231583289365, 317.24190543593011, 0., 0., 1. ]
dist_coeffs: !!opencv-matrix
   rows: 4
   cols: 1
   dt: d
   data: [ -0.042394617478909505, -0.00049477947364606604,
       -0.0030859710338857842, 0.00057283754022404625 ]
project_matrix: !!opencv-matrix
   rows: 3
   cols: 3
   dt: d
   data: [ -0.85514489308163932, -3.7973961558304827, 989.3067793612048,
       -0.42753201286420534, -3.8833607694951358, 937.3525654603684,
       -0.00051355296643976699, -0.0045177998494505267, 1. ]
scale_xy: !!opencv-matrix
   rows: 2
   cols: 1
   dt: f
   data: [ 0.699999988, 0.800000012 ]
shift_xy: !!opencv-matrix
   rows: 2
   cols: 1
   dt: f
   data: [ 0., 0. ]
align_project_matrix: !!opencv-matrix
   rows: 3
   cols: 3
   dt: f
   data: [ 1.51920772, 0.607780218, -408.057983, 0.0373939462,
       1.73857188, -139.852875, 7.19114323e-05, 0.000618672871, 1. ]
spherical_camera_matrix: !!opencv-matrix
   rows: 3
   cols: 3
   dt: f
   data: [ 238., 0., 900., 0., 238., 350., 0., 0., 1. ]
