%YAML:1.0
---
camera_matrix: !!opencv-matrix
   rows: 3
   cols: 3
   dt: d
   data: [ 231.61552909479539, 0., 300.17259793134707, 0.,
       231.9965165431405, 237.9247284982238, 0., 0., 1. ]
new_camera_matrix: !!opencv-matrix
   rows: 3
   cols: 3
   dt: d
   data: [ 231.61552909479539, 0., 844.23543168191361, 0.,
       231.9965165431405, 346.97356239324301, 0., 0., 1. ]
dist_coeffs: !!opencv-matrix
   rows: 4
   cols: 1
   dt: d
   data: [ -0.054486018117545262, 0.04520789856214609,
       -0.048348153695712749, 0.014772933333734112 ]
project_matrix: !!opencv-matrix
   rows: 3
   cols: 3
   dt: d
   data: [ -23.065872391996649, -87.654099725380519, 16791.319182437644,
       -0.486457024329431, -67.466669110221773, 6621.6595937590391,
       0.001337569603461431, -0.073887554993830803, 1. ]
scale_xy: !!opencv-matrix
   rows: 2
   cols: 1
   dt: f
   data: [ 0.400000006, 0.800000012 ]
shift_xy: !!opencv-matrix
   rows: 2
   cols: 1
   dt: f
   data: [ 0., 0. ]
align_project_matrix: !!opencv-matrix
   rows: 3
   cols: 3
   dt: f
   data: [ 1.50081933, 0.691172719, -367.512909, -4.19287562e-17,
       1.87093675, -203.653549, 1.03437714e-19, 0.000774334883, 1. ]
spherical_camera_matrix: !!opencv-matrix
   rows: 3
   cols: 3
   dt: f
   data: [ 238., 0., 900., 0., 238., 350., 0., 0., 1. ]
