%YAML:1.0
---
camera_matrix: !!opencv-matrix
   rows: 3
   cols: 3
   dt: d
   data: [ 2.3161552909479539e+02, 0., 3.0017259793134707e+02, 0.,
       2.3199651654314050e+02, 2.3792472849822380e+02, 0., 0., 1. ]
new_camera_matrix: !!opencv-matrix
   rows: 3
   cols: 3
   dt: d
   data: [ 2.3161552909479539e+02, 0., 8.4423543168191361e+02, 0.,
       2.3199651654314050e+02, 3.4697356239324301e+02, 0., 0., 1. ]
dist_coeffs: !!opencv-matrix
   rows: 4
   cols: 1
   dt: d
   data: [ -5.4486018117545262e-02, 4.5207898562146090e-02,
       -4.8348153695712749e-02, 1.4772933333734112e-02 ]
project_matrix: !!opencv-matrix
   rows: 3
   cols: 3
   dt: d
   data: [ -2.3065872391996649e+01, -8.7654099725380519e+01,
       1.6791319182437644e+04, -4.8645702432943100e-01,
       -6.7466669110221773e+01, 6.6216595937590391e+03,
       1.3375696034614310e-03, -7.3887554993830803e-02, 1. ]
scale_xy: !!opencv-matrix
   rows: 2
   cols: 1
   dt: f
   data: [ 4.00000006e-01, 8.00000012e-01 ]
shift_xy: !!opencv-matrix
   rows: 2
   cols: 1
   dt: f
   data: [ 0., 0. ]
align_project_matrix: !!opencv-matrix
   rows: 3
   cols: 3
   dt: f
   data: [ 7.26842880e-01, -2.10840404e-01, 1.93150238e+02,
       -7.65877366e-02, 7.04336524e-01, 1.04816132e+02, -1.39314710e-04,
       -2.25834388e-04, 1. ]
spherical_camera_matrix: !!opencv-matrix
   rows: 3
   cols: 3
   dt: f
   data: [ 238., 0., 900., 0., 238., 350., 0., 0., 1. ]
