%YAML:1.0
---
camera_matrix: !!opencv-matrix
   rows: 3
   cols: 3
   dt: d
   data: [ 2.3222357669565548e+02, 0., 3.1665468334339761e+02, 0.,
       2.3294528297766905e+02, 2.2392896310463311e+02, 0., 0., 1. ]
new_camera_matrix: !!opencv-matrix
   rows: 3
   cols: 3
   dt: d
   data: [ 2.3222357669565548e+02, 0., 8.9059129690330576e+02, 0.,
       2.3294528297766905e+02, 3.2656307119425662e+02, 0., 0., 1. ]
dist_coeffs: !!opencv-matrix
   rows: 4
   cols: 1
   dt: d
   data: [ -4.2878286802014817e-02, 2.0546057729503724e-02,
       -2.3774220867894873e-02, 7.3269812503314307e-03 ]
project_matrix: !!opencv-matrix
   rows: 3
   cols: 3
   dt: d
   data: [ 3.3381204529832891e+00, 1.1437615244216881e+01,
       -1.0958401814598619e+03, -9.7182473740879749e-01,
       1.0586784177180370e+01, 2.6921658595980926e+01,
       -1.2260715116338191e-03, 1.1627626996288732e-02, 1. ]
scale_xy: !!opencv-matrix
   rows: 2
   cols: 1
   dt: f
   data: [ 4.00000006e-01, 1. ]
shift_xy: !!opencv-matrix
   rows: 2
   cols: 1
   dt: f
   data: [ 0., 0. ]
align_project_matrix: !!opencv-matrix
   rows: 3
   cols: 3
   dt: f
   data: [ 4.43331778e-01, -2.60846496e-01, 3.24183380e+02,
       -1.19236365e-01, 5.18480241e-01, 2.03063049e+02, -2.69234064e-04,
       -2.27613549e-04, 1. ]
spherical_camera_matrix: !!opencv-matrix
   rows: 3
   cols: 3
   dt: f
   data: [ 238., 0., 900., 0., 238., 350., 0., 0., 1. ]
