%YAML:1.0
---
camera_matrix: !!opencv-matrix
   rows: 3
   cols: 3
   dt: d
   data: [ 232.22357669565548, 0., 316.65468334339761, 0.,
       232.94528297766905, 223.92896310463311, 0., 0., 1. ]
new_camera_matrix: !!opencv-matrix
   rows: 3
   cols: 3
   dt: d
   data: [ 232.22357669565548, 0., 890.59129690330576, 0.,
       232.94528297766905, 326.56307119425662, 0., 0., 1. ]
dist_coeffs: !!opencv-matrix
   rows: 4
   cols: 1
   dt: d
   data: [ -0.042878286802014817, 0.020546057729503724,
       -0.023774220867894873, 0.0073269812503314307 ]
project_matrix: !!opencv-matrix
   rows: 3
   cols: 3
   dt: d
   data: [ 3.3381204529832891, 11.437615244216881, -1095.8401814598619,
       -0.97182473740879749, 10.58678417718037, 26.921658595980926,
       -0.0012260715116338191, 0.011627626996288732, 1. ]
scale_xy: !!opencv-matrix
   rows: 2
   cols: 1
   dt: f
   data: [ 0.400000006, 1. ]
shift_xy: !!opencv-matrix
   rows: 2
   cols: 1
   dt: f
   data: [ 0., 0. ]
align_project_matrix: !!opencv-matrix
   rows: 3
   cols: 3
   dt: f
   data: [ 1.31024504, 0.487345785, -290.760956, -0.0102786664,
       1.59656215, -110.338783, -1.9766665e-05, 0.000514489773, 1. ]
spherical_camera_matrix: !!opencv-matrix
   rows: 3
   cols: 3
   dt: f
   data: [ 238., 0., 900., 0., 238., 350., 0., 0., 1. ]
